camera_matrix:
- - 7719.332316663999
  - 0.0
  - 1475.0488344501823
- - 0.0
  - 7683.615018924909
  - 1062.696658253126
- - 0.0
  - 0.0
  - 1.0
dist_coeff:
- - -0.18179384307571908
  - 6.855534276978062
  - 0.006850877921968231
  - -0.016289562047288212
  - -50.82720888084056
