camera_matrix:
- - 913.9790061784446
  - 0.0
  - 660.7658482029617
- - 0.0
  - 912.3688483036548
  - 370.14628502461505
- - 0.0
  - 0.0
  - 1.0
dist_coeff:
- - -0.027187155038901314
  - 0.07535428844207642
  - 0.004728007636018631
  - 0.007318907587273946
  - -0.15252146753797946
